ElasticNet:
  alpha:  0.010002549769393097
  l1_ratio: 1.953095553341934e-05
  